38, 21 38;
39, 24 39;
40, 23 40;
41, 25 41;
42, 44 43;
43, 44 43;
44, 33 45;
45, 33 45;
46, 32 47;
47, 27 49;
48, 27 48;
49, 26 49;
50, 26 49;
51, 11 51;
52, 11 51;
53, 11 51;
54, 16 54;
55, 16 54;
56, 16 54;
57, 16 54;
58, 7 60;
59, 7 60;
60, 7 60;
61, 7 60;
62, 7 60;
63, 12 63;
64, 12 63;
65, 12 63;
66, 17 66;
67, 17 66;
68, 17 66;
69, 2 69;
70, 2 69;
71, 2 69;
72, 8 72;
73, 8 72;
74, 8 72;
75, 13 75;
76, 13 75;
77, 13 75;
78, 18 78;
79, 18 78;
80, 18 78;
81, 3 81;
82, 3 81;
83, 3 81;
84, 9 84;
85, 9 84;
86, 9 84;
87, 14 87;
88, 14 87;
89, 14 87;
90, 19 90;
91, 19 90;
92, 19 90;
93, 4 93;
94, 4 93;
95, 4 93;
96, 10 96;
97, 10 96;
98, 10 96;
99, 15 99;
100, 15 99;
101, 15 99;
102, 20 102;
103, 20 102;
104, 20 102;
105, 5 105;
106, 5 105;
107, 5 105;
108, 5 105;
109, 5 105;
110, 5 105;
111, 5 105;
112, 5 105;
113, 5 105;
