36, 30 36;
37, 30 36;
38, 31 38;
39, 37 39;
40, 36 40;
41, 35 41;
42, 33 42;
43, 34 44;
44, 34 44;
45, 32 45;
46, 32 45;
47, 29 47;
48, 28 48;
49, 27 49;
50, 26 50;
51, 43 52;
52, 43 52;
53, 43 52;
54, 42 55;
55, 42 55;
56, 42 55;
57, 41 59;
58, 41 59;
59, 41 59;
60, 40 61;
61, 40 61;
62, 40 61;
63, 39 64;
64, 39 64;
65, 39 64;
66, 38 67;
67, 38 67;
68, 38 67;
69, 46 71;
70, 46 71;
71, 46 71;
72, 46 71;
73, 46 71;
73, 45 75;
74, 45 75;
75, 45 75;
76, 45 75;
77, 22 79;
78, 22 79;
79, 22 79;
80, 22 79;
81, 21 83;
82, 21 83;
83, 21 83;
84, 21 83;
85, 24 86;
86, 24 86;
87, 24 86;
88, 24 86;
89, 23 89;
90, 23 89;
91, 23 89;
92, 25 92;
93, 25 92;
94, 25 92;
95, 25 92;
95, 44 96;
96, 44 96;
