0, 56;
1, 56;
2, 56;
3, 56;
4, 56;
5, 56;
6, 56;
7, 56;
8, 56;
9, 56;
10, 56;
11, 56;
12, 56;
13, 56;
14, 56;
15, 56;
16, 56;
17, 56;
18, 56;
19, 56;
20, 56;
21, 56;
22, 56;
23, 56;
24, 56;
25, 56;
26, 56;
27, 56;
28, 56;
29, 56;
30, 56;
31, 56;
32, 56;
33, 56;
34, 56;
35, 56;
36, 56;
37, 56;
38, 56;
39, 56;
40, 56;
41, 56;
42, 56;
43, 56;
44, 56;
45, 56;
46, 56;
47, 56;
48, 56;
49, 56;
50, 56;
51, 56;
52, 56;
53, 56;
54, 56;
55, 56;
56, 56;
57, 57;
58, 60;
59, 60;
60, 60;
61, 60;
62, 60;
63, 63;
64, 63;
65, 63;
66, 66;
67, 66;
68, 66;
69, 66;
70, 66;
71, 66;
72, 66;
73, 66;
74, 66;
75, 66;
76, 66;
77, 66;
78, 78;
79, 78;
80, 78;
81, 81;
82, 81;
83, 81;
84, 84;
85, 84;
86, 84;
87, 84;