24, 24;
25, 24;
26, 24;
36, 36;
37, 36;
38, 36;
39, 36;
40, 40;
41, 40;
42, 40;
43, 40;
44, 40;
45, 40;
46, 40;
47, 40;
48, 48;
49, 48;
50, 48;
51, 48;
52, 52;
53, 52;
54, 52;
55, 55;
56, 55;
57, 55;
58, 55;
59, 59;
60, 59;
61, 59;
62, 59;
63, 59;
64, 64;
65, 64;
66, 64;
67, 67;
68, 67;
69, 67;
70, 67;
71, 67;
72, 72;
73, 72;
74, 74;
75, 74;
76, 76;
77, 77;
78, 77;
79, 79;
80, 79;
81, 81;
82, 81;
83, 83;
84, 84;
85, 84;
86, 84;
87, 84;
88, 84;
89, 84;
90, 84;
91, 84;
92, 84;
93, 84;
94, 84;
95, 84;
96, 84;
97, 84;
98, 84;
99, 84;
100, 84;
101, 84;
102, 84;
103, 84;
104, 84;
105, 84;
106, 84;
107, 84;
108, 84;
109, 84;
110, 84;
111, 84;
112, 84;
113, 84;
114, 84;
115, 84;
116, 84;
117, 84;
118, 84;
119, 84;
120, 84;
121, 84;
122, 84;
123, 84;
124, 84;
125, 84;
126, 84;
