0, 24;
1, 24;
2, 24;
3, 24;
4, 24;
5, 24;
6, 24;
7, 24;
8, 24;
9, 24;
10, 24;
11, 24;
12, 24;
13, 24;
14, 24;
15, 24;
16, 24;
17, 24;
18, 24;
19, 24;
20, 24;
21, 24;
22, 24;
23, 24;
24, 24;
25, 24;
26, 27;
27, 27;
28, 27;
29, 30;
30, 30;
31, 30;
32, 33;
33, 33;
34, 33;
35, 36;
36, 36;
37, 36;
38, 39;
39, 39;
40, 39;
41, 42;
42, 42;
43, 42;
44, 45;
45, 45;
46, 45;
47, 48;
48, 48;
49, 48;
50, 51;
51, 51;
52, 51;
53, 54;
54, 54;
55, 54;
56, 57;
57, 57;
58, 57;
59, 60;
60, 60;
61, 60;
62, 63;
63, 63;
64, 63;
65, 66;
66, 66;
67, 66;
68, 69;
69, 69;
70, 69;
71, 72;
72, 72;
73, 72;
74, 75;
75, 75;
76, 75;
77, 78;
78, 78;
79, 78;
80, 81;
81, 81;
82, 81;
83, 84;
84, 84;
85, 84;
86, 87;
87, 87;
88, 87;
89, 90;
90, 90;
91, 90;
92, 93;
93, 93;
94, 93;
95, 93;
96, 93;
97, 93;
98, 99;
99, 99;
100, 99;
101, 99;
102, 99;
103, 99;
104, 105;
105, 105;
106, 105;
107, 105;
108, 105;
109, 105;
110, 105;
111, 105;
112, 105;
113, 105;
114, 105;
115, 105;
116, 105;
117, 105;
118, 105;
119, 105;
120, 105;