0, 36;
1, 36;
2, 36;
3, 36;
4, 36;
5, 36;
6, 36;
7, 36;
8, 36;
9, 36;
10, 36;
11, 36;
12, 36;
13, 36;
14, 36;
15, 36;
16, 36;
17, 36;
18, 36;
19, 36;
20, 36;
21, 36;
22, 36;
23, 36;
24, 36;
25, 36;
26, 36;
27, 36;
28, 36;
29, 36;
30, 36;
31, 36;
32, 36;
33, 36;
34, 36;
35, 36;
36, 36;
37, 37;
38, 38;
39, 39;
40, 40;
41, 40;
42, 40;
43, 40;
44, 40;
45, 58;
46, 48;
47, 58;
48, 58;
49, 58;
50, 58;
51, 51;
52, 58;
53, 58;
54, 58;
55, 58;
56, 54;
57, 58;
58, 58;
59, 59;
60, 60;
61, 61;
62, 62;
63, 63;
64, 64;
65, 65;
66, 66;
67, 67;
68, 68;
69, 69;
70, 70;
71, 71;
72, 72;
73, 73;
74, 74;
75, 75;
76, 76;
77, 77;
78, 78;
79, 79;
80, 80;
81, 81;
82, 82;
83, 83;
84, 84;
85, 85;
86, 86;
87, 87;
88, 88;
89, 89;
90, 90;
91, 90;
92, 90;
93, 90;
94, 90;
95, 90;
96, 90;
97, 90;
98, 90;
99, 90;
100, 90;
101, 90;
102, 90;
103, 90;
104, 90;
105, 90;
106, 90;
107, 90;
108, 90;
109, 90;
110, 90;
111, 90;
112, 90;
113, 90;
114, 90;
115, 90;
116, 90;
117, 90;
118, 90;
119, 90;
120, 90;
121, 90;
122, 90;
123, 90;
124, 90;
125, 90;
126, 90;
