0, 24;
1, 24;
2, 24;
3, 24;
4, 24;
5, 24;
6, 24;
7, 24;
8, 24;
9, 24;
10, 24;
11, 24;
12, 24;
13, 24;
14, 24;
15, 24;
16, 24;
17, 24;
18, 24;
19, 24;
20, 24;
21, 24;
22, 24;
23, 24;
24, 24;
25, 24;
26, 24;
27, 24;
28, 24;
29, 24;
30, 24;
31, 24;
32, 24;
33, 24;
34, 24;
35, 24;
36, 36;
37, 36;
38, 36;
39, 39;
40, 39;
41, 39;
42, 42;
43, 42;
44, 42;
45, 45;
46, 45;
47, 45;
48, 48;
49, 48;
50, 48;
51, 51;
52, 51;
53, 51;
54, 54;
55, 54;
56, 54;
57, 57;
58, 57;
59, 57;
60, 60;
61, 60;
62, 60;
63, 63;
64, 63;
65, 63;
66, 66;
67, 66;
68, 66;
69, 69;
70, 69;
71, 69;
72, 72;
73, 72;
74, 72;
75, 75;
76, 75;
77, 75;
78, 78;
79, 78;
80, 78;
81, 81;
82, 81;
83, 81;
84, 84;
85, 84;
86, 84;
87, 87;
88, 88;
89, 89;
91, 91;
93, 93;
95, 95;
96, 96;
