0, 36;
1, 36;
2, 36;
3, 36;
4, 36;
5, 36;
6, 36;
7, 36;
8, 36;
9, 36;
10, 36;
11, 36;
12, 36;
13, 36;
14, 36;
15, 36;
16, 36;
17, 36;
18, 36;
19, 36;
20, 36;
21, 36;
22, 36;
23, 36;
24, 36;
25, 36;
26, 36;
27, 36;
28, 36;
29, 36;
30, 36;
31, 36;
32, 36;
33, 36;
34, 36;
35, 36;
36, 36;
37, 36;
38, 39;
39, 39;
40, 39;
41, 42;
42, 42;
43, 42;
44, 45;
45, 45;
46, 45;
47, 48;
48, 48;
49, 48;
50, 51;
51, 51;
52, 51;
53, 54;
54, 54;
55, 54;
56, 57;
57, 57;
58, 57;
59, 60;
60, 60;
61, 60;
62, 63;
63, 63;
64, 63;
65, 66;
66, 66;
67, 66;
68, 69;
69, 69;
70, 69;
71, 72;
72, 72;
73, 72;
74, 75;
75, 75;
76, 75;
77, 78;
78, 78;
79, 78;
80, 81;
81, 81;
82, 81;
83, 84;
84, 84;
85, 84;
86, 87;
87, 87;
88, 87;
89, 90;
90, 90;
91, 90;
92, 93;
93, 93;
94, 93;
95, 96;
96, 96;
97, 96;
98, 96;
99, 96;
100, 96;
101, 96;
102, 96;
103, 96;
104, 96;
105, 96;
106, 96;
107, 96;
108, 96;
109, 96;
110, 96;
111, 96;
112, 96;
113, 96;
114, 96;
115, 96;
116, 96;
117, 96;
118, 96;
119, 96;
120, 96;