0, 36;
1, 36;
2, 36;
3, 36;
4, 36;
5, 36;
6, 36;
7, 36;
8, 36;
9, 36;
10, 36;
11, 36;
12, 36;
13, 36;
14, 36;
15, 36;
16, 36;
17, 36;
18, 36;
19, 36;
20, 36;
21, 36;
22, 36;
23, 36;
24, 36;
25, 36;
26, 36;
27, 36;
28, 36;
29, 36;
30, 36;
31, 36;
32, 36;
33, 36;
34, 36;
35, 36;
36, 36;
37, 36;
38, 38;
39, 38;
40, 40;
41, 41;
42, 41;
43, 43;
44, 43;
45, 45;
46, 49;
47, 49;
48, 49;
49, 49;
50, 49;
51, 49;
52, 49;
53, 49;
54, 56;
55, 56;
56, 56;
57, 57;
58, 57;
59, 57;
60, 60;
61, 60;
62, 60;
63, 64;
64, 64;
65, 64;
66, 64;
67, 67;
68, 67;
69, 67;
70, 70;
71, 70;
72, 72;
73, 78;
74, 78;
75, 75;
76, 76;
77, 77;
78, 77;
79, 79;
80, 79;
81, 79;
82, 79;
83, 83;
84, 83;
85, 83;
86, 83;
87, 87;
88, 87;
89, 87;
90, 87;
91, 91;
92, 91;
93, 91;
94, 91;
95, 95;
96, 95;
97, 95;
98, 95;
99, 95;
100, 95;
101, 95;
102, 95;
103, 95;
104, 95;
105, 95;
106, 95;
107, 95;
108, 95;
109, 95;
110, 95;
111, 95;
112, 95;
113, 95;
114, 95;
115, 95;
116, 95;
117, 95;
118, 95;
119, 95;
120, 95;