45, 0 45;
46, 0 45;
47, 6 48;
48, 6 48;
49, 6 48;
50, 11 51;
51, 11 51;
52, 11 51;
53, 16 54;
54, 16 54;
55, 16 54;
56, 1 57;
57, 1 57;
58, 32 59;
59, 32 59;
60, 33 60;
61, 33 60;
62, 38 64;
63, 38 64;
64, 40 67;
65, 40 67;
66, 42 69;
67, 39 69;
68, 39 69;
69, 44 69;
70, 44 69;
71, 44 69;
72, 45 74;
73, 45 74;
74, 45 74;
75, 46 74;
76, 46 74;
77, 21 77;
78, 21 77;
79, 22 79;
80, 22 79;
81, 23 81;
82, 23 81;
83, 25 83;
84, 24 84;
85, 24 84;
86, 24 84;
87, 24 84;
88, 24 84;
89, 24 84;
90, 24 84;
91, 24 84;
92, 24 84;
93, 24 84;
94, 24 84;
95, 24 84;
