22, 119 24 1 127 28 24 50 127 26 24 1 127;
25, 55 25 1 127 54 25 1 127;
26, 27 24 1 127 29 24 50 127;
27, 27 24 1 127 29 24 50 127 70 27 1 127 69 27 1 127 71 27 50 127;
28, 69 27 1 127 71 27 50 127;
29, 69 27 1 127 71 27 50 127 93 30 50 127 92 30 1 127;
30, 93 30 50 127 92 30 1 127;
31, 93 30 50 127 92 30 1 127 1 33 1 127 3 33 50 127;
32, 93 30 50 127 92 30 1 127 1 33 1 127 3 33 50 127;
33, 93 30 50 127 92 30 1 127 1 33 1 127 3 33 50 127;
34, 1 33 1 127 3 33 50 127;
35, 1 33 1 127 3 33 50 127;
36, 1 33 1 127 3 33 50 127 73 39 1 127 75 39 50 127;
37, 1 33 1 127 3 33 50 127 73 39 1 127 75 39 50 127;
38, 73 39 1 127 75 39 50 127;
39, 73 39 1 127 75 39 50 127;
40, 73 39 1 127 75 39 50 127 96 42 1 127 98 42 50 127;
41, 96 42 1 127 98 42 50 127;
42, 97 42 49 127 95 42 1 127;
43, 5 45 50 127 4 45 1 127;
44, 5 45 50 127 4 45 1 127;
45, 5 45 50 127 4 45 1 127;
46, 5 45 50 127 4 45 1 127 121 44 1 127;
47, 31 48 1 127 33 48 50 127;
48, 31 48 1 127 33 48 50 127;
49, 31 48 1 127 33 48 50 127;
50, 63 49 50 127 62 49 1 127;
51, 78 51 1 127 76 51 1 127 122 51 1 127;
52, 79 51 50 127 77 51 1 127;
53, 79 51 50 127 77 51 1 127 100 54 50 127 99 54 1 127;
54, 79 51 50 127 77 51 1 127 100 54 50 127 99 54 1 127;
55, 100 54 50 127 99 54 1 127;
56, 100 54 50 127 99 54 1 127 7 57 50 127 6 57 1 127;
57, 7 57 50 127 6 57 1 127;
58, 20 57 1 127 115 57 50 127;
59, 35 60 50 127 34 60 1 127;
60, 35 60 50 127 34 60 1 127;
61, 35 60 50 127 34 60 1 127;
62, 53 62 50 127 52 62 1 127;
63, 81 63 1 127 83 63 50 127;
64, 81 63 1 127 83 63 50 127;
65, 81 63 1 127 83 63 50 127 122 53 1 127;
66, 81 63 1 127 83 63 50 127 101 66 1 127 102 66 50 127;
67, 101 66 1 127 102 66 50 127;
68, 101 66 1 127 102 66 50 127 9 69  12 69 50 127;
69, 9 69  12 69 50 127;
70, 9 69  12 69 50 127;
71, 9 69  12 69 50 127 36 72 1 127 37 72 50 127;
72, 36 72 1 127 37 72 50 127;
73, 36 72 1 127 37 72 50 127 86 75 50 127 104 78 1 127;
74, 36 72 1 127 37 72 50 127 86 75 50 127 104 78 1 127;
75, 86 75 50 127 104 78 1 127;
76, 84 63 1 127 85 63 50 127;
77, 104 78 1 127 106 78 50 127;
78, 105 78 49 127 103 78 1 127;
79, 13 81 1 127 15 81 50 127;
80, 13 81 1 127 15 81 50 127;
81, 13 81 1 127 15 81 50 127 124 81 1 127;
82, 15 81 50 127 13 81 1 127;
83, 15 81 50 127 13 81 1 127;
84, 39 84 48 127 38 84 1 127;
85, 89 87 48 127 88 87 1 127;
86, 87 87 1 127 108 90 50 127;
87, 89 87 50 127 88 87 1 127;
88, 89 87 50 127 88 87 1 127;
89, 109 90 50 127 107 90 1 127;
90, 109 90 50 127 107 90 1 127;
91, 109 90 50 127 107 90 1 127;
92, 109 90 50 127 107 90 1 127 16 93 1 127;
93, 109 90 50 127 107 90 1 127 16 93 1 127;
94, 117 93 50 127 22 93 1 127;
95, 40 96 1 127 42 96 50 127;
96, 41 96 1 127 43 96 50 127;
97, 40 97 1 127 42 97 49 127;
98, 67 97 50 127 66 97 1 127;
99, 90 99 50 127 90 99 1 127;
100, 90 99 50 127 90 99 1 127;
101, 90 99 50 127 90 99 1 127 111 102 50 127 110 102 1 127;
102, 111 102 50 127 110 102 1 127;
103, 111 102 50 127 110 102 1 127;
104, 111 102 50 127 110 102 1 127;
105, 111 102 50 127 17 105 1 127;
106, 118 105 50 127 23 105 1 127;
107, 44 108 1 127 46 108 50 127;
108, 47 108 49 127 45 108 1 127;
